input
(1, 0)
--
output
(1, 0)
input
(1, 0)
(1, 0)
--
output
(2, 0)
(0, 0)
input
(1, 0)
(1, 0)
(1, 0)
(1, 0)
--
output
(4, 0)
(0, 0)
(0, 0)
(0, 0)
input
(1, 0)
(0, 0)
(0, 0)
(0, 0)
(0, 0)
(0, 0)
(0, 0)
(0, 0)
--
output
(1, 0)
(1, 0)
(1, 0)
(1, 0)
(1, 0)
(1, 0)
(1, 0)
(1, 0)
input
(0.2, 2)
(-9, 0)
(-8, 2)
(0, 1)
(23, 0)
--
output
(6.200000, 5.000000)
(-26.456854, 15.656854)
(30.200000, 9.000000)
(-17.728932, 1.071068)
(24.200000, 3.000000)
(-15.143146, 4.343146)
(32.200000, -9.000000)
(-31.871068, -13.071068)
input
(-7,0)
--
output
(-7,0)
input
(-7,0)
--
output
(-7,0)
input
(8, 0)
(3, 0)
--
output
(11, 0)
(5, 0)
input
(0, 1)
(0, 1)
--
output
(0, 2)
(0, 0)
input
(0, 1)
(0, -1)
(0, 0)
(2, 0)
--
output
(2, 0)
(-1, 3)
(-2, 2)
(1, -1)
input
--
output
input
(1, 0)
--
output
(1, 0)
input
(0.0001, 4)
(20000, 0)
--
output
(20000, 4)
(-20000, 12.1469)
input
(0.0001, 4)
--
output
(0.0001, 4)
End of Convertion
